1 1 2828
2 1 3110
3 1 2828
4 1 4965
5 1 2828
6 1 2828
7 1 3549
8 1 2828
9 1 33544
10 1 33544
11 1 2828
12 1 33544
13 1 2828
14 1 2828
15 1 23342
16 1 2828
17 1 33544
18 1 2828
19 1 33544
20 1 2828
21 1 2828
22 1 18687
23 1 33544
24 1 6461
25 1 19214
26 1 33544
27 1 17283
28 1 2828
29 1 23342
30 1 33544
31 1 3549
32 1 2828
33 1 2828
34 1 33544
35 1 23342
36 1 4965
37 1 23342
38 1 3549
39 1 2828
40 1 33544
41 1 6461
42 1 2828
43 1 36261
44 1 29716
45 1 2828
46 1 33544
47 1 46671
48 1 33544
49 1 2828
50 1 26918
51 1 46736
52 1 3549
53 1 33544
