1 6 45 3 41 39 49 14 
2 1 35 
3 6 28 1 45 20 39 8 
4 2 36 8 
5 2 45 27 
6 1 45 
7 8 45 37 31 27 41 22 44 38 
8 3 45 3 4 
9 2 19 17 
10 1 48 
11 1 45 
12 1 48 
13 2 45 32 
14 2 45 1 
15 1 35 
16 1 45 
17 4 45 23 46 9 
18 1 45 
19 1 9 
20 1 3 
21 1 45 
22 1 7 
23 6 26 53 34 30 48 17 
24 1 43 
25 2 45 35 
26 3 40 23 30 
27 3 7 45 5 
28 2 45 3 
29 1 35 
30 2 26 23 
31 4 7 41 38 52 
32 3 45 13 43 
33 1 45 
34 1 23 
35 8 45 15 37 50 29 2 47 25 
36 1 4 
37 2 7 35 
38 2 31 7 
39 2 1 3 
40 1 26 
41 4 1 45 7 31 
42 1 45 
43 2 24 32 
44 1 7 
45 22 7 35 25 28 51 32 5 1 17 13 11 33 3 42 21 16 14 27 41 18 6 8 
46 1 17 
47 1 35 
48 3 12 10 23 
49 1 1 
50 1 35 
51 1 45 
52 1 31 
53 2 23 54
54 1 53
