2828 37.8033 -122.4108
3110 37.7758 -122.4128
2828 37.7915 -122.4089
4965 37.7697 -122.3933
2828 37.7898 -122.3942
2828 37.8018 -122.4382
3549 37.7749 -122.4194
2828 37.7607 -122.4842
33544 37.7484 -122.4156
33544 37.7915 -122.4089
2828 37.7957 -122.4209
33544 37.7607 -122.4842
2828 37.7697 -122.3933
2828 37.7691 -122.4449
23342 37.7312 -122.3826
2828 37.7758 -122.4128
33544 37.7217 -122.4444
2828 37.7217 -122.4112
33544 37.7794 -122.4170
2828 37.7484 -122.4156
2828 37.7217 -122.4444
18687 37.7749 -122.4194
33544 37.7749 -122.4194
6461 37.7898 -122.3942
19214 37.7898 -122.3942
33544 37.7758 -122.4128
17283 37.7749 -122.4194
2828 37.7811 -122.4625
23342 37.7898 -122.3942
33544 37.7909 -122.4017
3549 37.7441 -122.4839
2828 37.7441 -122.4839
2828 37.7989 -122.3984
33544 37.7691 -122.4449
23342 37.7758 -122.4128
4965 37.7909 -122.4017
23342 37.8018 -122.4382
3549 37.7607 -122.4842
2828 37.7463 -122.4438
33544 37.7772 -122.4931
6461 37.7749 -122.4194
2828 37.7772 -122.4931
36261 37.7749 -122.4194
29716 37.7989 -122.3984
2828 37.7749 -122.4194
33544 37.7697 -122.3933
46671 37.7989 -122.3984
33544 37.7957 -122.4209
2828 37.7909 -122.4017
26918 37.7697 -122.3933
46736 37.7915 -122.4089
3549 37.8033 -122.4108
33544 37.7898 -122.3942
