0
478.1946257012714
256.81391355354214
1
514.899577077757
280.6920554983615
2
516.3024169875301
324.2935636444777
3
473.9911848427616
341.7206337486595
4
437.5814889338876
318.2935122433446
5
437.5245788827717
278.04110283575824
6
394.8168519735089
260.587800703262
7
395.54289302514195
248.6181844683221
8
385.11038664218705
228.56922809159704
9
371.6883216077856
212.07659609131457
10
359.58489501759374
223.63574339283406
11
364.6708784187358
245.3643319087535
12
405.0021239491302
339.2687829692847
13
369.44282138742966
344.2073253795535
14
357.33284088545867
366.34437157976936
15
369.8553323483085
387.59427025182924
16
375.9799158649812
380.0395346917585
17
392.86694509558293
360.42068464164765
18
472.0706208508639
382.13095576746986
19
464.62254501680115
419.61652033363924
20
475.2957715019931
440.2353748706732
21
487.25219655029963
438.0898220132957
22
473.66112630834357
417.9770882217183
23
477.45560529812764
398.9606756091518
24
556.7595418201084
347.14585641115434
25
572.0776052893302
374.346028071147
26
585.1217859837664
376.5967870332177
27
603.1218886850089
375.1725008839993
28
606.719086631798
352.7701330346897
29
585.0142503108019
348.73570766987643
30
547.1564612781941
262.7704011338173
31
574.2595895240327
256.4394547990846
32
598.1889827355865
242.56820967730127
33
607.6361429374797
242.48554393563074
34
588.561893614883
228.45920795987834
35
564.7685237508827
244.7087394481952
36
484.98460085629824
211.91689406015922
37
498.05227254806044
185.5428078839166
38
500.0216951943778
159.99523055046637
39
482.5140911353684
152.30247354600436
40
467.7857295037395
162.96484395865232
41
475.96080173930756
189.15806639797282
42
465.11111977313215
188.02695677422446
43
456.3596595604982
193.14336483667614
44
445.8137202106619
191.5926209840179
45
439.1195336697624
184.30921957370543
46
446.16034469236894
178.25708149712966
47
456.857631658226
180.92648477938246
48
446.97471410405717
150.42243953103377
49
432.542444902901
146.99986197450644
50
420.16881469400045
140.62850746615052
51
415.75274761714184
131.35781765140325
52
425.6465551613277
130.30839285807502
53
437.155043235995
138.54115130589736
54
479.15424672267386
135.62110049333603
55
483.3036648776174
123.60056885775039
56
482.2139223099861
112.00309326967977
57
474.08351166714556
107.19437045376516
58
468.0195130045737
114.46757554764663
59
471.8106991230212
125.78560427837277
60
516.9490865063556
144.42588585557263
61
530.8187457815537
138.6970088295383
62
543.0372484516472
131.46148774499767
63
544.7627893799802
122.19989408531583
64
534.105035613057
122.65231260898007
65
523.9177440550314
131.5595324727225
66
512.970051537165
179.84849264420973
67
525.3061894620911
180.92661310589276
68
537.5685901189822
177.3860649143841
69
544.1705734120517
169.53839925189848
70
534.3924187737421
166.9058150992813
71
522.3312438544572
171.88395438974945
72
485.2125308979789
221.46281887737257
73
478.16858135465753
230.27034441676636
74
477.2687016661147
240.52863628971008
75
486.27672087332337
243.27297811156825
76
493.44564028026645
236.65703589143004
77
493.19167545323273
226.79542211385652
78
559.0688143867706
234.69663121204445
79
561.6890222783757
223.9289391307415
80
559.3481453500469
213.58430966544483
81
550.3234678370953
212.4630182749818
82
545.6671847956607
220.96157414450735
83
549.8553985492939
230.5370985515025
84
592.8087954664044
203.59960919486355
85
601.3034144012765
190.202117572067
86
606.3698010820865
176.8417839617856
87
602.7081385548852
167.52536864452247
88
594.8269688243629
174.01138059906685
89
591.8428423819344
188.13470849094136
90
627.403275341704
254.09974927770287
91
642.6001590092255
255.46824887881024
92
655.5500311139604
259.5474746473595
93
659.9071869680864
268.2990759691103
94
650.0526324049741
270.65592395307294
95
637.7172766281919
264.4130922090416
96
616.345321684908
230.13077083273603
97
624.5601472943272
217.781357086819
98
634.8272212651532
208.97905848705267
99
644.4584273385959
210.1089547125525
100
641.1654759974126
219.44697315705267
101
629.5662516442246
226.14649024254234
102
583.5507511785928
265.9274762269305
103
585.4440019333504
277.0099218066619
104
592.3316063535871
285.9792201220796
105
601.9368479707607
287.05649346960064
106
602.6528167620361
277.523808297651
107
594.2408325063983
269.54387923335156
108
534.1077888194477
268.88427309323754
109
526.3668131794169
279.4483218432336
110
515.0775867845182
287.3498924274256
111
505.31216764979564
283.0329895564013
112
510.3378723865632
272.9113992074847
113
522.2365666480367
268.40701794244944
114
600.0600406761357
347.8870688172702
115
611.951039515767
355.5331733661045
116
623.7553203318863
360.59066676135245
117
632.5217474370339
357.44465562805834
118
624.4350644684063
348.83274680310086
119
611.7527033370651
343.5362247756347
120
630.9313564191858
337.9420301166052
121
647.1314378197649
337.0040250239548
122
659.8624321601079
332.84716954403245
123
663.4302409992033
323.6518877852755
124
653.6299800087561
321.104871186546
125
641.7009944675483
327.02723652975857
126
614.4647524242062
391.8734508981327
127
626.9640565994207
397.91288548104274
128
635.219650535669
406.62265258089565
129
633.8078319900385
416.24649251321864
130
624.3086799837636
415.4427889555088
131
617.6979950799102
404.8137410126634
132
573.3368866701937
382.3481983986023
133
564.9929948293506
390.514951037896
134
554.1764895923021
393.98883305118
135
547.4440666153672
387.30705495447364
136
551.5148455937161
378.74103123818696
137
562.6016687712669
378.0578927191592
138
576.6321327356299
404.62090380547073
139
573.058643147378
421.0534975075956
140
573.9569435323073
435.95098230204934
141
580.8250551407178
444.03751057482833
142
585.8669318623031
435.28253539201006
143
583.0932349794529
420.5205762143024
144
555.053720894544
336.6120931894526
145
560.3182842707771
327.43418950150397
146
558.5625202929215
317.30152282354317
147
549.7040296811531
313.756867587538
148
542.8980171938787
320.4271258805199
149
546.0038835205263
330.2777751752499
150
490.9570593371547
400.49191591469764
151
499.07434265583845
409.06061095463406
152
509.2591786903839
413.66702174798553
153
516.5057409628508
408.07982293320606
154
511.42879282703166
399.53721109896884
155
500.9487717650608
396.7530849422262
156
455.68803122995763
413.9051479512879
157
445.15410837058016
405.19428745977586
158
433.4208056609771
401.61964685548145
159
426.075532023167
407.55245484395084
160
431.8451492751067
415.1958178108345
161
443.8078086301246
416.50122361622874
162
505.1299934800176
453.0143110567641
163
519.6461786137844
456.95116822986364
164
531.6419379207761
463.7022143524599
165
534.7498959719552
473.28804106972035
166
524.5711256074396
473.7376783926183
167
513.7688160784021
465.03690209357137
168
477.07702068084876
459.7415501705751
169
482.2766586140894
471.69587199770535
170
483.74552028400456
484.3059022878007
171
477.06129017902
491.3847676210545
172
470.0275965776941
484.90669030273517
173
471.59422450775344
472.37370809219317
174
447.2611307670249
438.9873465507425
175
433.7157490545877
447.1158684090134
176
423.2515914874978
457.4441084206295
177
421.8857832781657
467.7286817420147
178
431.7658283791492
465.25255141339875
179
440.6819263184376
453.4283294000762
180
476.7180426605742
369.51512409581323
181
486.36717219364766
362.83656383611844
182
493.524469272887
353.11043090969855
183
492.1296040743656
343.40714599764704
184
483.13596721635594
346.57192421604566
185
477.29711804853116
357.46934585636444
186
387.25089944933234
354.6611305835313
187
379.63774789156383
347.74386530286944
188
376.9154936603535
336.31080513948257
189
382.1309552641667
328.45651917897226
190
389.62155510799573
334.5879046588607
191
391.1823479515713
345.66892330734726
192
360.53976736519814
393.5677056476376
193
347.118687612044
397.4541670859036
194
335.91657582151925
405.1021667569506
195
333.8182898016538
414.7067563662205
196
343.6338645632465
414.4224124857888
197
353.3507312761757
404.9587416451008
198
374.3457672684401
409.8155465563361
199
380.56826838818625
422.63101860039455
200
381.82042601882546
436.4461817299013
201
376.4517270181677
445.6363456034676
202
369.9435981231652
438.5131679991557
203
371.0049692249729
424.4574786264416
204
335.9616917531591
367.1813049284265
205
322.95714293218197
371.5328615249162
206
309.825567287155
371.65234815378363
207
302.26359835305254
364.9006237261163
208
309.63930828075604
358.966846656013
209
322.93701973866524
361.4830852041401
210
348.4340178856953
330.0264648775989
211
332.80487785642794
327.13491571960793
212
318.3679966921399
322.0215875490407
213
312.6943685097798
313.71580683467323
214
323.54407721468783
312.4891582175229
215
337.2330578975617
319.23076530450294
216
418.0939225926723
336.46709199238234
217
429.1976705606961
340.31602680344594
218
440.1429512540368
337.68278905950103
219
446.37322278616983
329.7047051341151
220
438.2466576857804
325.57929123791865
221
426.4762275998664
328.2440532324363
222
339.0090461298805
250.33664470091134
223
324.7902850370308
258.01436101200613
224
310.73869206669946
261.8548553454961
225
301.99562069319285
257.17322363671997
226
309.13414939194405
249.79819606164523
227
323.3229579800358
248.30772525510926
228
345.361972391412
212.60940217937667
229
338.7511105149128
201.7733504477672
230
329.1270055817864
194.097777452466
231
319.65748514346154
195.87055762326747
232
321.4078795649482
205.3361745667612
233
332.44325875529637
210.97794213356255
234
371.72149688615957
190.31100268676616
235
365.26466104235567
177.59331019373153
236
362.928745939616
164.64643575388413
237
368.70327811429377
156.72426069963177
238
375.48542055331234
164.13756207960492
239
375.5978643746595
177.20713229940276
240
393.87797196228126
221.07381926324436
241
403.9594045409041
223.24183459133963
242
414.5515971335531
222.47396093395088
243
417.2152326376372
213.85377116318148
244
409.3363918935966
207.80744325738266
245
399.20591518505336
211.15606109043048
246
407.963444092357
259.98737951143914
247
420.23232466978084
263.4209720302147
248
428.7210337285359
271.05406803438905
249
427.3914507438016
281.0445149596852
250
417.8072176750749
280.95978671873377
251
411.0081172335681
271.63645157102025
252
380.10977386221356
265.8854100704902
253
368.0862501943381
265.7062883964513
254
356.7557022196337
270.1566320276822
255
352.1588307417363
279.04517844049803
256
361.39901883860773
282.0560483997271
257
372.04483290121567
276.06131845361574
258
471.49751191385496
183.19340556595256
259
457.45755763517866
201.63193600652264
260
441.58361836588773
198.65094937199137
261
430.08840190811804
181.9444403335289
262
440.07015861015776
171.6738160332065
263
458.7678108331678
172.89807019215027
264
450.5431085414781
144.23146527245
265
425.36537512733446
151.28955199340507
266
410.84364475191717
142.0307070468873
267
407.253245987975
126.63052638499276
268
422.29826858945125
121.22492090190227
269
437.0377062694238
129.8220563360822
270
486.2734381299746
136.9455320585763
271
491.5248333033003
120.24667222995478
272
488.2186097860826
105.11336520761607
273
471.0604077811183
99.04013588260246
274
459.9290911789151
109.51776295712091
275
463.5450272545898
125.478268602222
276
511.5148980126041
139.51531458108693
277
538.8801194981861
140.537866751622
278
553.2893404172153
131.99382003063792
279
553.5030313761368
118.25671940927394
280
535.0746826097852
113.6563203403297
281
520.8637576907172
123.35667292684481
282
510.1220483810708
186.683395084776
283
527.2392681925462
188.82051432482743
284
546.1517770377069
179.85676088030434
285
553.7479450999042
165.6110640178698
286
540.5653250245748
160.0122725751273
287
519.6159733783668
164.50658055595437
288
478.76017701093275
217.1952252000749
289
469.2628285825672
230.9696810635611
290
469.91822711299505
246.4839605507552
291
487.86249985764755
251.73548278491802
292
501.57451494152036
239.19242936660027
293
501.08200305186824
222.80257218687606
294
566.2331132137836
236.01916717245723
295
569.696936582069
220.59734555666293
296
564.2856466111595
205.69138557055308
297
549.3702031253729
204.01689231865961
298
537.0570234983652
219.27496924496657
299
542.5277755465295
234.89575938516208
300
599.5794293079277
202.68384563223148
301
609.6011627522062
187.68149192058598
302
614.2892767253156
171.2102579009293
303
604.6891914294282
158.05419938061223
304
591.4020742568634
164.8629207698746
305
586.2347701460628
181.8319722833878
306
631.7380315399745
248.9731880968722
307
649.5243431704508
250.1114112561946
308
664.6147622828405
256.4689593745302
309
668.4550669145787
272.3403149795079
310
654.4440016014302
279.02178339791
311
637.6239753646923
272.8655648379216
312
611.9891924984265
224.45527682865068
313
623.476628928941
209.18134328796185
314
637.3514029943229
199.64047480382231
315
652.155093885018
205.05890868963954
316
650.6107391102656
220.9795406631155
317
636.7573295637197
230.04709418003964
318
576.0723866163282
266.8646020404765
319
578.6421514955247
282.1260331301638
320
591.4147316925779
294.6703999262002
321
608.2071785222704
293.83098536046253
322
611.7022233017565
279.17081713390803
323
600.2034923393421
264.03225503316327
324
540.8229874215109
272.1153940583255
325
530.4759023950629
286.5248378339952
326
510.00091345315144
295.54741387033255
327
496.0430983225819
287.04934608668566
328
501.5664159221609
271.2144567058243
329
520.6856524579954
260.3326859367533
330
596.1532634445981
340.1657560685794
331
612.4996880138883
363.48165606332384
332
630.0493356530046
367.96238749020205
333
642.3715622434196
362.1533907244597
334
633.4370114963242
348.412107971391
335
611.3202061699496
333.985323105616
336
629.830063474704
329.47268862307044
337
654.6658656608076
342.9663092793123
338
668.9013628137202
335.79399051102837
339
671.7261173852067
319.0971042514158
340
657.3648291628692
312.55679695051873
341
641.0866292685556
317.93256852406915
342
620.6587915824368
388.4319734459691
343
635.6655039035145
394.67456044952644
344
644.4903910500346
406.52092244567643
345
637.973258210813
424.0771002615684
346
622.8508583004334
425.07658762722326
347
613.3253564408294
412.0673684604932
348
580.6882320459097
386.2153753367513
349
564.6405443049493
399.08478426720944
350
550.0614921392636
402.6172749112737
351
539.0549996833561
388.1607798574913
352
544.5544211954692
372.68337272898566
353
560.7826031869872
369.45028869141726
354
583.5731120749255
408.06272671952365
355
565.9646567557152
426.6266314614317
356
569.3814218119496
444.42544342765115
357
581.9183026157076
453.9449914224481
358
592.1265428119412
442.97323741606715
359
590.5875860180352
425.1302780880368
360
549.16018940394
342.0320356667617
361
569.0402153576825
326.4850509387159
362
564.9455272066277
311.20022220415757
363
549.0454011940221
305.2985177950767
364
534.3116424838965
317.92231672000975
365
537.4537968191655
333.50258716149654
366
485.70280524188945
405.2002085631494
367
497.750350021406
417.59281466648764
368
513.6918320546903
421.8778471406962
369
524.256174077872
412.998495527669
370
516.7090668237199
392.8118662023833
371
501.91890503908144
388.272612279447
372
458.2794356417856
406.9900223314961
373
444.3678382242364
396.22289602662676
374
428.11437407480986
393.9032619621274
375
417.2971709396494
405.7503343695906
376
423.9748626722985
420.03219099855306
377
440.6355708166486
423.93499148907466
378
510.0485880494431
448.16398892612347
379
527.0527695717117
452.5321647988201
380
541.1827825048387
462.87587689586314
381
542.937877685807
478.33094263372413
382
527.177879293617
482.82850531122295
383
512.7485387037377
473.50147256998156
384
470.2703017152471
458.5033143006713
385
490.10568921058484
473.9373382758791
386
490.8525514825635
490.7042046282868
387
477.7919372834815
500.1942590263667
388
463.01299875988667
491.38664654754416
389
463.51852601586774
475.54969497419836
390
452.02402998374146
444.36467348788307
391
425.39002740205086
445.5087882452183
392
413.9142671629596
459.8205880834015
393
415.4279450661585
475.269744721385
394
430.87019025426605
475.0911024783855
395
442.6635454323059
461.6851710150319
396
468.2610366243947
369.8429963417595
397
493.76463632467716
366.1459454254379
398
502.3669974592309
351.1806468528294
399
495.3433165630273
334.4728420041604
400
482.3711281424252
336.50317530748816
401
469.37344239705754
354.4974474809311
402
386.81505786515805
364.1113734909697
403
373.3418618310081
353.8483533896051
404
369.6133066698962
330.6045078075602
405
380.5700857579476
319.34622441587214
406
394.159297147267
326.734420200655
407
398.63418696719873
350.5090755903493
408
358.34457896851256
386.7435501789652
409
340.1190083893863
393.0732215938438
410
326.4889124184612
405.391942062918
411
326.8836497963731
420.8704938846677
412
341.31578034260554
423.9734858844906
413
355.2883538870423
412.6205719248467
414
381.8081954079643
406.99924828400583
415
388.8796190545132
423.7917897522692
416
387.6271211098652
443.59558919408624
417
376.58217242128933
455.44889083173223
418
364.07815082755167
446.42780123290606
419
364.49284633646494
429.80698167498804
420
338.42849401802994
360.7924663989676
421
319.5058093397649
379.2109772227584
422
302.9754273635443
377.8717816377349
423
293.3049101211001
362.3724441831815
424
302.5657480489002
351.9153538197467
425
319.60138457177027
353.9142312724003
426
344.66935924297894
335.52716125089046
427
325.3967920526428
330.7754485162001
428
308.3658969849563
323.4279820480881
429
302.8764850922658
310.1454034421502
430
317.65051352142365
304.8049834644896
431
336.5665572257182
311.0154014808449
432
418.05416990944275
344.91425163591737
433
431.0706396399769
349.28178998034537
434
446.8458767378496
342.5597251022625
435
454.6356800869148
324.2360195093796
436
444.89722366150863
317.3606967457758
437
423.45727262863136
320.1718086243027
438
336.19049203276285
243.68333142520927
439
321.01219556892124
265.8654918592293
440
303.8750311730215
269.13451314610205
441
292.7874578572426
259.96253794891203
442
300.7880292898796
245.08145688451526
443
317.45432239400014
241.81761585379374
444
343.988866040228
219.5622114108108
445
340.97583290371927
193.81191926412674
446
327.6903402174788
184.7368495033317
447
312.6066309120717
190.61612623159738
448
312.23079233693994
207.47441486704983
449
325.85862717407804
216.6024634276187
450
365.2559741650986
192.44287801598023
451
357.1284300335817
174.93744052343735
452
355.99042926447294
158.20684800786304
453
368.1534080194246
147.32116600301333
454
380.9097265207527
156.61190655740577
455
383.3057833559478
173.9424212063841
456
386.78258407087
217.205484045062
457
405.6564308900206
230.9216505070823
458
422.45972248774694
227.8038077022341
459
426.00128891075843
214.79267832262917
460
410.75819984700206
199.04672356021092
461
395.9741656415348
202.59830489392237
462
412.1293434937196
253.7677955083019
463
427.8204838803445
258.2615975922166
464
438.1694926495321
268.6325154752292
465
434.12757493314575
287.6274160590569
466
416.00841508121226
289.80409112692627
467
405.4815257998122
278.24525114068564
468
384.2920548883503
271.82023827771536
469
364.1437567087006
258.5900284091097
470
348.0767250976569
267.9598582269998
471
343.00630500934267
282.3573798663955
472
357.5221344291153
290.28958202436814
473
374.294436987814
284.5287213989622
