0
497.8273339533641
298.2022458365714
1
527.3963156997864
245.04104636673532
2
486.8032539004947
199.99806176524928
3
431.0152316320422
223.9735749168404
4
438.50376590235027
284.71631352565754
5
393.1894794694805
325.70509616288246
6
354.37172455940424
336.719288439162
7
331.3441809285306
364.90824924732664
8
352.2462934665109
386.2231407606057
9
380.1780469064882
363.2813519523918
10
377.90753843433606
192.493742414913
11
357.60619560232306
158.05217627606453
12
325.4487117907225
141.41976892566376
13
308.97775783184073
166.08030270777715
14
337.5419386698889
188.92096270590986
15
501.3493815224764
140.6896806959831
16
493.56144907683284
101.18739202163124
17
508.1850063489281
68.15009146744958
18
536.5210142547471
75.90901133435405
19
528.0142335002713
111.53419286982007
20
588.4889389412574
238.7073172744921
21
621.7273254580216
216.5021398229631
22
658.1443278151545
214.7145147422639
23
661.4370234375547
243.91229127826682
24
625.9880439494862
252.10562306559956
25
524.3337354332039
353.92352711791045
26
526.0560022840264
394.5898110195619
27
547.8177171535762
423.8536689792438
28
573.4871721129535
409.2775589391302
29
557.4159862881363
375.6587062854246
30
391.5277596955785
302.292343811545
31
415.9959000380815
331.1243476764605
32
338.5114924906212
312.9183375220624
33
325.0778212822074
329.12950520337
34
300.1568751111878
361.10772068230347
35
307.0360874167142
383.25370300563674
36
336.0076081066958
411.90978197716794
37
358.28046233832293
417.0610812511226
38
403.14456525073297
379.3272910068027
39
387.50680736305094
392.71682069588934
40
377.23079489428255
216.32249205763432
41
399.59899040395624
184.00268202226815
42
377.1151392726332
137.8465940492258
43
358.88581354306166
128.01550216970244
44
304.63821837296854
118.68438908686177
45
325.61341463630856
110.23922455318592
46
281.0991386719425
154.33447703327485
47
280.2211474794574
177.91974566993716
48
326.5349716477007
215.3710888863681
49
310.24284584624934
202.08408050214157
50
514.9432129767312
159.48220504287713
51
478.47688371299495
148.00132146581564
52
473.00034634515725
78.61770329120682
53
465.7041726160299
98.3823549649946
54
512.1927260875917
37.958454381014676
55
489.9239120585985
42.99491061753895
56
566.5827508625136
65.43534015245952
57
551.0890949940507
48.80458079495679
58
556.3919421121534
103.35992189799147
59
552.7106476289258
123.67117606769652
60
579.1787022147873
260.4644696593098
61
571.596475336591
222.68573705334614
62
613.0281259801254
190.53241427711322
63
634.0126107737913
189.01889236995592
64
674.1959718921381
187.32936851806795
65
687.3677197880928
206.0795699466018
66
683.0828766964089
266.62814472973025
67
691.9415704628495
245.71829543489702
68
625.2969800113409
280.0200038871089
69
645.3781308797539
275.66180592695116
70
529.7817803913701
331.9774158161551
71
499.8742392538608
356.5657571008559
72
512.0162128686948
421.5307064544569
73
499.5520107747954
405.6577105510841
74
534.6489593023136
452.07489467438495
75
557.5263099407945
452.5030651617519
76
605.1944526596443
413.1676209383973
77
593.5869097668558
432.8486443270825
78
587.3283140636456
377.0006040322435
79
578.1395654209389
357.77585360235406