0
484.2830351847809
263.2963699102313
1
483.8935700571435
242.2533147065797
2
485.2800326034105
224.9180134818161
3
490.30881011660745
216.02389863601667
4
492.92969035092204
226.36582255828816
5
490.19763411528834
243.48391513673565
6
454.4286852306963
313.5245123208677
7
445.63250727832843
317.43890335239615
8
441.2759995926031
326.70953939250927
9
443.3435995582355
336.06409899222894
10
451.1488349211148
334.26404361350444
11
453.62255326693963
323.89396646277265
12
419.44620905915457
326.38552500347674
13
407.0979759002267
332.2782375394935
14
395.64893887842464
338.13676989747745
15
392.66040361627853
346.1145979600637
16
402.17656655607743
345.633758762605
17
412.20140736086046
337.5356369107096
18
493.2184182783365
327.10184188114715
19
493.17687998206225
342.8572656792371
20
489.95990312433634
356.9931940157882
21
484.17589421284424
364.7536588001887
22
481.56206788507956
355.4528944103705
23
485.6630994667065
341.936050826763
24
544.6748739212827
326.3691884602071
25
559.6816985896477
331.9453597194912
26
569.7302352261531
341.1972580986314
27
570.747170764511
351.0233199764695
28
562.690352754413
347.34647999926267
29
554.2177813179468
336.98292706822315
30
445.0211001674679
235.56776688552478
31
441.36313181098643
222.52828157298347
32
434.92217165677965
213.03186938273603
33
425.76298892767704
212.23260794400184
34
425.01851282595715
220.8143530543616
35
433.681927339257
228.31713110055307
36
521.7601621899394
246.2599321914481
37
527.6937460155389
234.89319651504715
38
529.6608423980936
222.64964494982996
39
525.2790133177832
214.1079394263148
40
519.5385879283277
220.32947413608505
41
519.7402246869581
232.86157997592105
42
435.8276345680606
377.55045286277146
43
436.89635354043287
410.30731705594593
44
439.6948891616267
436.899021887661
45
446.3150660994702
448.61034065002144
46
448.77166736971986
435.5216895017822
47
443.64679518856326
409.4902339471157
48
435.75165080872245
300.38664569304075
49
443.9701553013356
276.76435335830325
50
451.0060548890619
256.8945517010055
51
450.3241489084757
245.37777085282465
52
441.0429803083909
255.0309063585091
53
435.8811986297656
275.02942159370684
54
442.8874002358723
358.4300888911576
55
449.30317818247175
379.2915912542342
56
456.8616044092194
398.1576459686412
57
465.4375307076914
406.129254878759
58
464.870002206016
393.5093058283301
59
455.879504462278
375.50703277662234
60
423.37844310029266
362.0466006088065
61
414.7593008827277
381.602168748308
62
411.52073157838333
402.1426717928132
63
414.6733279307708
415.439155620453
64
420.0319588821774
405.155234253952
65
421.72580284095494
384.43319072057403
66
417.2587619301912
308.148811774114
67
402.8559654613985
290.2896270318395
68
391.4854969828151
274.06163427000274
69
391.0886000275175
263.3020492148608
70
401.3233679389748
269.3713184156913
71
410.49509618835407
286.67916350386844
72
409.12701417431856
321.5482778841954
73
389.82383756640036
315.8593864953049
74
374.923667036767
306.1214658455434
75
369.62351942781874
295.16199992277046
76
380.40836871027733
296.534198243846
77
394.98876571080507
308.0124798553854
78
374.68567409378954
397.34230120256643
79
376.58969613454155
425.97575890760373
80
381.0729502384905
447.4206721353955
81
389.42680697595756
456.93252001864323
82
391.2952784771899
445.3906084897322
83
384.621276579124
423.9136796743367
84
340.53800763767407
342.39350311732585
85
319.9811129701353
335.4572527542408
86
303.05744627264585
326.61102072729386
87
296.7872726770824
316.813307207255
88
307.78705125809165
317.53286106464526
89
324.0154133412552
328.3591974022139
90
341.2849435007039
360.4762625099266
91
322.58630420757913
359.549594072557
92
306.2661500088071
361.39301564388006
93
299.3028776740804
368.89303064899116
94
309.10567823477345
372.88341323599525
95
324.7409185656838
368.48120176557944
96
348.46214040633566
329.3616571356077
97
339.351419702842
307.07771980749067
98
328.9208053982019
288.80208456206645
99
318.5718911400181
282.2018522517118
100
320.39796229584977
293.7286763637581
101
332.7030838839215
310.99621152124746
102
365.2413001892025
368.8844408171888
103
361.60875666303787
382.557599886855
104
360.3505325830414
397.42292435014383
105
366.29253145163875
404.7868432156983
106
370.25731952556123
392.76505304939303
107
370.55194634164695
379.43278710226275
108
348.2509186138168
379.95771436157827
109
342.7619464375383
401.0424634060238
110
339.98143293508457
419.1643214788579
111
333.250369226316
427.2845259396732
112
329.98312370212733
415.7733467955554
113
335.2727835237837
397.4663776158498
114
524.0915686525127
333.96528569457223
115
532.803016088538
315.9260852988646
116
542.8783288930431
300.37907339607403
117
552.7755440370389
295.7409291811095
118
552.0195524838861
306.7581804582048
119
540.0802768013716
320.38075558072694
120
502.621613774753
394.2270844917971
121
503.5468711578759
422.7915085042264
122
502.88096678550903
446.51764434437877
123
497.4115988407782
457.6471298692025
124
493.4457493181175
445.5979555896391
125
496.0782643659093
422.1314708161473
126
495.21588417613464
334.35938861597066
127
488.30439999479853
316.16980054926313
128
480.26035890840603
299.9649164625243
129
471.27830494339855
293.08306350269055
130
471.71937052946686
305.15987601364174
131
481.0803465448102
320.8289062013827
132
517.0765184309482
388.1380884978479
133
528.3692900303225
409.51699799065597
134
534.1038995775135
429.27861019394834
135
532.1754655869397
442.0073098947923
136
525.11919338858
432.7805297121219
137
520.6234578730055
412.35239093053616
138
515.9366255990201
367.71572931604754
139
527.824852626936
376.4152886118328
140
539.0499665164024
374.83681033704846
141
539.8135609799643
365.7477220428702
142
531.1858120120769
362.6189939834796
143
522.8544200500862
366.6564464214644
144
510.7159467520175
324.47030096868406
145
508.38517199255915
301.472540272158
146
508.35637481360703
281.09484637216394
147
513.7093662978983
270.78299901857486
148
518.3706922146177
281.502941902867
149
516.1759758671863
301.7368822982248
150
610.8388407729328
371.584878678306
151
626.7330177105275
383.0415869551933
152
638.4048601525113
395.63140169975594
153
640.0694129069745
406.6557744016363
154
630.2888938940516
403.53638287091337
155
620.3461715256392
388.97326228511383
156
593.1031239113514
372.38968721122376
157
589.7914176261047
387.09428874891483
158
592.3000880553013
405.3756509397076
159
598.8481624775319
417.5104956447692
160
603.2926060827606
408.86343063051197
161
599.4290848305016
390.85832694961186
162
616.3906070655562
354.3844477948361
163
634.3293018804866
352.04544654632997
164
651.7138761567007
352.1111195087419
165
661.1163475162487
357.40216817366485
166
651.8546326482742
362.55231143081033
167
634.7345794868664
360.4389292720096
168
609.3749805137514
327.6299167855539
169
618.2829668568429
306.85391712826265
170
630.9313791630221
289.6837583535877
171
642.4638533165719
282.90344063784147
172
639.3513146511503
293.95987929484727
173
625.2904149458298
310.17643213094266
174
586.2936622395525
391.6787718205198
175
576.3475698572399
416.5168327240384
176
572.3797137687299
437.78354353991324
177
575.6305098254657
449.82448723362705
178
582.9641044757938
441.03141941165836
179
585.1463113255214
420.1835742820145
180
617.091828508707
339.6914500443498
181
637.9933790119649
331.6129590178588
182
655.8561043861285
322.2839385146189
183
662.0732068985859
312.6355696996672
184
649.9813347125387
314.50110720186456
185
632.8394409168056
325.74601946638904
186
395.49800965510656
181.45721540651155
187
378.06415744092857
174.6715687693179
188
362.5713636592606
166.44990443623124
189
357.2928450509884
157.2093267255132
190
368.28699835741224
157.02781630742768
191
382.3567183528481
167.23828406169568
192
411.3506686302568
172.98633873474765
193
411.83824368051484
154.5939489255996
194
409.50587864135946
137.68353730755348
195
402.2819596056164
130.04030413831262
196
398.7900784352639
140.30280174000845
197
403.5008957866605
156.40682590639125
198
427.3126826585607
168.84093127043525
199
440.81221090160625
151.4360584196014
200
451.3364421001844
134.62874050943725
201
451.7795169142322
123.4703319492335
202
442.1745194081282
129.82800299429508
203
433.885678789557
147.35329140492752
204
435.58618266728325
182.3398418254498
205
454.06003766886386
176.80383679782184
206
468.8595077832319
166.91809259976884
207
474.0289891998895
155.96081391631256
208
463.594899126536
158.07642126304543
209
449.5684387358869
169.6825184052454
210
395.6385516021832
205.0792121856995
211
381.63049098502546
218.51392960569464
212
364.817282121293
228.1837428101144
213
352.0191626227769
229.55025186138997
214
359.00539965752483
220.81784549809979
215
376.80032029988735
212.36105348522824
216
385.0127599788808
194.32306410528003
217
361.2057270766188
191.62205784758018
218
340.3540538423449
192.84695273767412
219
330.3201482875703
199.74852498566602
220
341.31521959855763
203.05949069693523
221
362.051443447531
199.54061744940006
222
574.1640042127789
195.01189705345044
223
589.7814174851832
183.09838916398115
224
601.9195328644659
170.5913596707913
225
603.0133707812574
160.17654482040103
226
592.8222349393104
163.87039110178407
227
582.6071921369553
177.91423389913479
228
577.2738178762877
221.4520903301505
229
589.3786173823535
230.43451237048995
230
604.4468989033055
238.6494747152645
231
616.3927043100377
240.0767462915726
232
611.7452237641529
231.45936644037147
233
595.3418552533205
225.16512389855848
234
559.3280696574928
188.3210938687338
235
554.905105974525
168.5116369386226
236
553.5396221784026
150.00573674995576
237
558.5879331605668
140.24153486453352
238
564.0696480842024
149.95395373170203
239
563.1257771216369
168.3586358520619
240
568.1154153205789
233.0199316037929
241
580.1228612969085
248.15102633641084
242
590.0676029946576
262.594706927734
243
588.7794942818874
272.2695132014822
244
579.2347708030568
264.55067070617224
245
571.4858394318424
249.2649492662426
246
587.3744680874588
207.60718746398462
247
610.2362611727782
208.45100402984698
248
628.7251871070704
207.82519968420903
249
636.0641604794612
200.89043930893428
250
625.0224266616364
197.16395953798042
251
606.9811864302889
200.665977144306
252
544.1209990035992
193.74106382197533
253
536.2942534271808
175.77644728713585
254
528.5851968797716
158.84807529557062
255
519.8879752016293
152.73318163068183
256
519.8781620340998
164.9839659543184
257
529.0598962445152
180.5435400010625
258
481.2944886776363
290.7612878345483
259
430.93926348097466
334.9625334311771
260
363.8503895262442
356.0195261513057
261
508.0832719079141
353.4140006367164
262
595.4647037324526
353.77577240163555
263
414.4614070809115
192.68301377204227
264
560.0603174497055
212.62965978067987
265
434.9647093199807
385.45259753498794
266
436.4436975903702
422.278142048385
267
437.7612746774959
449.75905899132226
268
448.64160513609994
461.3539911105474
269
454.72650570444466
447.0358684165267
270
447.1776864930295
421.0669795678621
271
434.32162010930085
291.8595440922131
272
445.5350140811247
267.2805761909775
273
458.46716932477034
247.7670980522353
274
455.88700068095477
233.1001941065307
275
441.2100941763932
245.305216572623
276
431.1491502638096
265.26144356064907
277
446.3003852236153
364.00062075731546
278
449.3714548154912
388.20504895202635
279
458.1375446577617
409.9086991393342
280
469.3038050090547
418.25752322538665
281
472.5680306026251
400.9931386596038
282
463.31666175101316
380.44305509549605
283
416.16027334304005
364.6997118146192
284
407.6546046804558
386.70128463086724
285
407.0279649736299
411.9176960973788
286
415.2306629154315
428.8246832859736
287
422.26473437393815
417.12307377663444
288
421.35042660502506
393.22037318561866
289
415.2605249047002
300.65686098178196
290
396.1484195134018
283.84970498880045
291
381.38560248500295
267.8473476712517
292
384.36903507453286
254.77948338675697
293
400.7401547926104
258.71004229631774
294
411.0383952524165
277.14638759337817
295
401.69155939378896
320.7786852382667
296
380.87899687937085
318.81162591593466
297
365.21642620941196
304.50894909897823
298
361.13837119944975
286.9993826098431
299
374.55687746914106
287.02152945902117
300
388.5807331817934
303.0273404602327
301
379.73482274708493
406.1819231250462
302
374.11506195149525
436.7591841476263
303
379.4737659952076
458.4744554751087
304
394.7492833108612
467.4919399145212
305
398.7858840216306
454.9227222490794
306
388.77708595317597
433.64190908217114
307
336.14821707536464
336.7999259514128
308
310.6494744294469
335.48106819085893
309
292.4988187784509
326.418163900347
310
287.99347358415565
310.0050792657947
311
301.44851583819604
308.0486008928433
312
318.4103021015237
321.4258044544491
313
335.5281900222972
356.5084120299723
314
314.8914758679272
355.3089616129587
315
296.6339742742397
357.17768017332173
316
289.8178605288659
370.72411986275
317
302.5115394631273
380.54893666256345
318
319.70874211257546
375.9194358560981
319
346.97511626709945
322.14292199107535
320
337.8411383622746
297.521938326445
321
326.76296545871645
277.69865502236456
322
311.44824927670004
272.99539728824203
323
310.6788305926862
287.1779018984098
324
325.4994038930079
304.48297448720206
325
360.2794705276059
363.25014184910685
326
355.01699518043984
386.89044237389544
327
356.773540752374
407.38283102221527
328
365.92194519877967
416.15939578915
329
379.92251192645665
393.8744428795317
330
378.2170887479541
376.27220959839224
331
339.872512044001
381.5336276633984
332
334.7815242433345
405.84825126279543
333
343.11926546147436
429.8589060135217
334
333.5726624987817
438.2802366651946
335
322.90698183975786
423.2415715335031
336
325.7623844513596
402.638281304201
337
531.030556688583
332.82352761542273
338
534.726502201528
307.459288009127
339
544.0317134132679
289.44353809175493
340
556.5218974581873
285.8058546780323
341
561.9485940971238
302.97959582261444
342
550.100650766615
317.8333199394564
343
501.03589845354577
403.3088971495311
344
504.50456581579846
433.2932211313791
345
506.70214701186
458.38734281382244
346
496.6807959791979
469.8261850051769
347
488.4827920032864
456.6315199831156
348
492.0148539748741
432.14020339830665
349
486.4605417249169
334.9068367963659
350
488.43595538598873
308.0031675370237
351
479.2917683524639
287.04603735385245
352
467.81746386719215
281.4748568597776
353
463.64273272163825
298.20513196077394
354
472.56546986581225
319.8406785899637
355
520.6733171129493
396.4978534654844
356
536.0382071821667
415.4260585516414
357
540.1005860789958
438.2671510657251
358
533.9904426867213
454.22474923547014
359
523.8832894701596
444.6050498720202
360
521.7403008879361
421.4899952339479
361
511.3415400881967
376.662704736704
362
533.7853627326318
384.8342052004642
363
548.0832188322919
376.2678651618206
364
543.4404659456121
357.81674027850227
365
527.5533215146646
354.95311270355546
366
513.2701131495049
365.32128780966434
367
512.0478306447657
317.39093886571084
368
505.68425644043015
292.56469993038786
369
503.9662285427568
270.6150498379749
370
513.4103704632435
259.43863620465646
371
523.6911956868853
271.5129040050255
372
520.4124560565103
293.24815384233887
373
616.9756807657967
374.38638733163396
374
635.7401386677255
384.6201372104534
375
648.1041550571464
398.16263289570156
376
645.374392630349
415.2300657130831
377
631.6395774903726
414.45908875598
378
621.9370173145209
397.6101709871631
379
598.1533446246291
374.8041558606907
380
579.4043732952043
388.415970378762
381
586.115008995667
411.9123623743925
382
601.9945623403524
429.27637052371966
383
609.0824627197329
419.2396813356945
384
604.4545968841767
397.81614005754886
385
621.155154541203
358.42725916848445
386
641.1398047160641
347.4446856529942
387
661.0231207462738
347.1409746447594
388
671.4430790880456
356.49242434378414
389
660.5019605735441
368.51449310401927
390
641.3330461530786
366.51200003266933
391
607.4539722374572
320.1193753580549
392
618.6772389182814
297.75512792277186
393
634.7746392329888
279.2422130239067
394
650.8086599213798
273.62854805141694
395
649.904453282953
287.3509209670822
396
631.8424106344523
303.6933133935112
397
580.8416574156256
398.59870510290824
398
570.3496485800619
424.6255970600862
399
566.4222669689359
447.5587478234448
400
572.553027254446
460.8720108984735
401
585.9598331148788
451.99462516096867
402
586.9853523825464
430.9287305148949
403
620.8835988727401
334.3463031747998
404
647.2589100769937
330.27346136043144
405
666.9929890686819
320.60886492314484
406
671.1997415218907
305.3143512682591
407
656.9495479590457
305.4547609351889
408
637.90016055295
318.8071029268373
409
394.3193113059465
175.16965602460405
410
369.71188231837044
174.37633034076177
411
351.80416347747223
166.39836293303404
412
347.391524623891
153.7547030387386
413
363.4576298732911
147.83822632724588
414
379.5722399141391
158.47377747069174
415
409.43863803717227
167.2986108099866
416
415.66542130069223
147.00336264055787
417
412.9810899243263
127.68134227801632
418
401.347124486462
119.80528137801144
419
391.44957929103293
133.01927465815672
420
396.7276832121616
151.17098427232312
421
431.51530678257285
163.53883943381794
422
447.8464844326056
145.39787145286618
423
460.6172300884637
127.8809494354247
424
458.3003272744548
114.52693044433718
425
442.75115965901335
119.14503988255916
426
433.9635187844052
137.7151957527553
427
442.3914548636323
185.71123436820227
428
462.677659180881
179.38693574654224
429
478.6092457460377
165.0098235335882
430
481.66805490585136
147.2016433295959
431
468.9773735837845
148.19972615154157
432
454.7337382032996
163.64391687034916
433
393.4680943345161
211.1768549474913
434
379.4361530860013
226.5674424603246
435
357.7907699331421
236.10754547800082
436
340.50407680072834
234.13206257548194
437
347.2917086445368
222.52516901816165
438
368.7849360605385
214.17018103440586
439
378.13492651845615
192.87446187229668
440
352.04351284486046
187.68504323329606
441
329.77254267414287
189.72437939404452
442
319.32132873952304
203.25548346601948
443
331.255740786497
209.3007065274741
444
353.05857532405633
201.98218206450247
445
576.3196872690712
188.8615406702355
446
598.3761511618866
180.65772964111224
447
612.1130015378592
167.40263906876396
448
609.1312191888406
152.27850245590892
449
593.9384640832462
153.44702178951502
450
582.7112913477331
169.2629972664278
451
575.0145915899834
215.05802780743423
452
590.7032247365818
237.58043585146754
453
609.8394559702817
246.72086697689076
454
626.08156993178
245.18760968704373
455
623.1199386096137
232.74765365138785
456
603.5923625167338
223.82288262755625
457
555.3404242832579
182.9061904648692
458
550.3755074304021
160.94642496383625
459
548.5529348373325
140.0985899889914
460
557.6911608394776
129.49852115575024
461
568.8081814761669
140.51313204549493
462
567.2592737231632
160.42276246714286
463
560.5738672548623
234.75140635641023
464
588.1634697620457
252.64559620059634
465
599.1776601230167
269.0039356563005
466
592.7847184440226
282.18936449915157
467
579.3742623467199
273.9976217750857
468
568.8838317703573
256.8293244278748
469
594.3298167470133
205.27926236839332
470
619.4634314392046
211.30841331621468
471
639.0636281874598
212.44145793445622
472
646.4115498571178
200.08739747497842
473
632.6303773027319
190.20047015280988
474
610.9202831105879
192.9184360965149
475
536.4390376330331
193.683835172491
476
533.7494760192509
167.99803401435614
477
528.2504003139651
147.5588485672544
478
516.5156466530157
141.7218754538403
479
511.9891428128683
158.8755223344976
480
519.9648694325563
178.8865084096471
